rmat_in_num_of_edges = [0 1 2 3 4 5 6 7 8 9 10 11 12 13 14 15 16 17 18 19 20 21 22 23 24 25 26 27 28 29 30 31 32 33 34 35 36 37 38 39 40 41 42 43 44 45 46 47 48 49 50 51 52 53 54 55 56 57 58 59 60 61 62 63 64 65 66 67 68 69 70 71 72 73 74 75 76 77 78 79 80 81 82 83 84 85 86 87 88 89 90 91 92 93 94 95 96 97 98 99 100 101 102 103 104 105 106 107 108 109 110 111 112 113 114 115 116 117 118 119 120 121 122 123 124 125 126 127 128 129 130 131 132 133 134 135 136 137 138 139 140 141 142 143 144 145 146 147 148 149 150 151 152 153 154 155 156 157 158 159 160 161 162 163 164 165 166 167 168 169 170 171 172 173 174 175 176 177 178 179 180 181 182 183 184 185 186 187 188 189 190 191 192 193 194 195 196 197 198 199 200 201 202 203 204 205 206 207 208 209 210 211 212 213 214 215 216 217 218 219 220 221 222 223 224 225 226 227 229 230 231 232 233 234 235 236 237 238 239 240 241 242 243 244 245 246 247 248 249 251 252 253 254 255 256 257 258 259 260 261 262 263 264 265 266 267 268 269 270 271 272 274 276 277 278 279 280 281 282 283 284 285 286 287 288 289 290 291 292 295 296 297 299 300 301 302 304 307 309 310 314 315 319 321 323 324 327 331 334 349 352 355 356 359 362 365 375 381 388 392 394 397 399 400 401 403 555 ];
rmat_in_vertex_count = [475833 610 1462 2826 4361 6205 7983 9807 11171 12215 13297 14089 14792 14955 15397 15179 15126 15165 14911 14388 13953 13506 13043 12533 11959 11548 11048 10809 10217 9698 9180 8854 8503 8078 7784 7165 7012 6649 6408 5956 5706 5430 5214 4861 4686 4514 4231 3977 3828 3584 3458 3329 3197 2997 2873 2667 2649 2485 2273 2319 2192 2023 1928 1877 1787 1648 1544 1562 1450 1382 1379 1339 1351 1203 1094 1111 1075 989 971 936 876 875 818 754 728 711 678 617 616 583 578 529 504 512 482 486 446 413 449 417 400 369 361 332 350 349 326 328 299 245 277 236 239 225 206 224 213 216 194 163 165 149 151 162 163 143 126 149 134 141 108 128 115 121 126 100 109 107 97 104 93 100 92 79 86 91 78 80 71 68 60 63 58 62 55 45 55 59 54 56 43 34 48 39 40 35 29 29 35 37 20 35 22 27 28 21 30 33 22 21 16 19 20 23 24 21 15 31 32 18 18 21 22 18 22 22 16 12 23 17 21 14 20 6 11 14 10 16 10 21 11 16 11 10 11 7 9 6 13 3 6 7 1 6 5 6 8 8 7 6 6 5 7 6 2 4 4 3 3 3 4 5 3 2 3 4 3 1 2 2 1 3 1 1 4 5 3 4 1 3 4 4 4 3 2 11 5 2 4 2 4 1 4 4 4 4 3 4 6 2 1 2 1 2 3 1 3 3 1 2 3 1 1 4 1 1 2 1 1 1 3 2 1 1 1 1 1 1 1 1 1 2 1 1 1 1 1 1 1 1 1 1 1 1 1 1 1 ];
rmat_out_num_of_edges = [0 1 2 3 4 5 6 7 8 9 10 11 12 13 14 15 16 17 18 19 20 21 22 23 24 25 26 27 28 29 30 31 32 33 34 35 36 37 38 39 40 41 42 43 44 45 46 47 48 49 50 51 52 53 54 55 56 57 58 59 60 61 62 63 64 65 66 67 68 69 70 71 72 73 74 75 76 77 78 79 80 81 82 83 84 85 86 87 88 89 90 91 92 93 94 95 96 97 98 99 100 101 102 103 104 105 106 107 108 109 110 111 112 113 114 115 116 117 118 119 120 121 122 123 124 125 126 127 128 129 130 131 132 133 134 135 136 137 138 139 140 141 142 143 144 145 146 147 148 149 150 151 152 153 154 155 156 157 158 159 160 161 162 163 164 165 166 167 168 169 170 171 172 173 174 175 176 177 178 179 180 181 182 183 184 185 186 187 188 189 190 191 192 193 194 195 196 197 198 199 200 201 202 203 204 205 206 207 208 209 210 211 212 213 214 215 216 217 218 219 220 221 222 223 224 225 226 227 228 229 230 231 232 233 234 235 236 237 238 239 240 241 242 243 244 245 246 247 248 249 250 251 252 253 254 255 256 257 258 259 260 261 262 263 264 265 266 267 268 269 270 271 272 273 274 275 276 277 278 279 280 281 282 283 284 285 286 287 288 289 290 291 292 293 294 295 296 297 298 299 300 301 302 303 304 305 306 307 308 309 310 311 312 313 314 315 316 317 318 319 320 321 322 323 325 327 328 329 330 331 332 333 334 335 336 337 338 339 340 341 342 343 344 345 346 347 348 349 350 351 352 353 354 355 356 357 358 359 360 361 362 363 364 365 366 367 368 369 370 371 372 373 374 375 376 377 378 379 380 381 382 383 384 385 386 387 388 389 390 391 392 393 394 395 396 397 398 399 400 401 402 403 404 405 406 407 408 409 410 411 412 413 414 415 416 417 418 419 420 421 422 423 424 425 426 427 428 429 430 431 432 433 434 435 436 437 438 439 441 442 443 444 445 446 447 448 449 450 451 452 453 454 455 456 457 458 459 460 461 462 463 464 465 466 467 468 469 470 471 472 473 475 476 477 479 482 484 485 486 489 493 501 503 510 523 538 541 542 553 560 561 564 565 569 570 576 579 584 585 587 588 589 593 594 595 596 599 601 602 603 604 606 607 608 609 610 611 612 614 616 619 620 621 625 627 628 629 630 632 633 634 635 636 637 638 639 640 641 642 643 644 645 647 649 652 653 654 655 656 657 659 660 662 663 664 665 667 670 675 676 677 680 681 682 684 686 688 689 690 691 692 695 698 699 701 702 707 708 711 712 714 717 719 720 722 723 728 729 734 736 739 741 753 757 760 767 783 789 890 896 942 964 974 998 1018 1019 1040 1052 1056 1060 1069 1072 1083 1096 1127 1137 1160 1742 ];
rmat_out_vertex_count = [478793 7481 11194 14422 16353 17567 17933 18183 17505 17097 16521 16067 15286 14507 13926 12940 12491 11531 11102 10692 10005 9551 9272 8705 8198 7944 7359 6856 6441 6084 5805 5486 5452 5231 5313 5051 4911 4712 4543 4206 3988 3718 3339 3086 2907 2704 2529 2444 2326 2293 2270 2272 2199 2402 2326 2366 2292 2281 2161 2217 2123 2008 1927 1872 1721 1607 1454 1284 1289 1166 991 954 902 836 791 698 716 727 703 692 773 737 723 725 769 814 793 868 906 849 853 837 815 937 857 753 863 857 761 658 673 624 571 560 548 474 456 406 396 371 380 338 315 253 244 227 216 197 185 182 178 181 162 161 152 163 152 167 175 151 166 169 206 216 188 220 238 204 216 215 233 245 261 237 250 278 273 279 261 261 231 240 241 239 212 248 223 248 200 215 199 211 175 176 175 183 162 157 156 140 100 117 120 81 99 102 100 79 82 65 86 59 63 69 52 34 36 24 32 30 32 36 29 29 23 28 18 16 23 15 29 30 28 26 29 42 21 30 22 35 41 40 29 32 48 35 49 33 46 52 50 57 45 43 57 41 53 50 53 62 72 47 58 62 67 57 70 58 63 62 56 52 51 54 51 64 52 74 54 44 62 50 54 50 59 44 55 40 37 39 40 47 44 50 37 25 37 36 42 31 28 32 29 21 17 17 36 23 15 17 25 21 21 21 17 10 13 14 5 11 11 15 10 12 12 12 3 9 6 4 7 5 10 2 4 4 4 2 4 4 2 1 3 3 1 7 6 1 2 2 2 6 1 1 5 3 2 3 1 5 4 6 3 6 2 7 3 2 5 6 5 4 5 7 2 7 4 3 5 5 4 5 7 7 2 7 12 10 6 8 11 5 5 9 11 9 5 11 4 6 11 10 8 7 11 11 3 12 2 7 17 11 12 15 21 7 8 13 9 14 9 16 10 10 10 8 8 11 5 14 13 13 7 16 7 8 9 11 6 12 3 10 9 8 7 7 8 7 6 6 9 11 7 5 5 5 6 9 7 5 5 10 6 4 3 10 2 1 6 3 3 2 5 6 2 2 1 1 5 3 4 1 2 6 3 3 2 4 3 3 2 1 1 3 2 2 1 1 2 1 1 2 2 1 3 2 1 3 1 1 1 1 1 1 1 1 1 1 1 2 1 1 1 1 2 1 2 2 2 2 2 1 2 2 3 1 1 2 2 1 4 1 1 1 3 2 1 2 2 1 1 1 2 1 2 1 1 3 1 2 1 2 2 1 2 2 2 1 1 2 1 1 2 2 1 2 1 2 1 1 2 1 3 2 1 2 1 1 1 1 1 1 1 1 2 2 1 3 3 3 1 1 1 2 1 1 1 3 1 1 2 2 1 1 1 2 1 1 1 1 1 2 2 1 1 1 1 1 1 1 1 1 1 1 1 1 1 1 1 1 1 1 1 1 1 1 1 1 ];

rand_in_num_of_edges = [1 2 3 4 5 6 7 8 9 10 11 12 13 14 15 16 17 18 19 20 21 22 23 24 25 26 27 28 29 30 31 32 33 34 35 36 37 38 39 41 ];
rand_in_vertex_count = [1 18 74 277 1025 2538 6056 11853 21295 33809 49531 66618 81422 92887 99661 99396 93293 82842 70066 55562 42872 30655 21412 14474 9145 5678 3257 1997 1114 575 305 158 74 36 16 3 1 2 1 1 ];
rand_out_num_of_edges = [1 2 3 4 5 6 7 8 9 10 11 12 13 14 15 16 17 18 19 20 21 22 23 24 25 26 27 28 29 30 31 32 33 34 35 36 37 38 ];
rand_out_vertex_count = [1 24 74 277 960 2646 5988 11859 21478 34186 49822 65800 81429 93274 98725 98662 93806 83372 70015 56041 42406 30920 21696 14337 9090 5641 3341 1987 1018 550 289 158 75 30 15 5 2 1 ];

